203 299
208 292
209 221
211 223
211 227
211 229
211 233
211 239
211 241
211 251
211 257
211 263
211 269
211 271
211 277
211 281
211 283
211 293
215 287
223 227
223 229
223 233
223 239
223 241
223 251
223 257
223 263
223 269
223 271
223 277
223 281
223 283
223 293
227 229
227 233
227 239
227 241
227 251
227 257
227 263
227 269
227 271
227 277
227 281
227 283
227 293
229 233
229 239
229 241
229 251
229 257
229 263
229 269
229 271
229 277
229 281
229 283
229 293
232 250
232 286
233 239
233 241
233 251
233 257
233 263
233 269
233 271
233 277
233 281
233 283
233 293
239 241
239 251
239 257
239 263
239 269
239 271
239 277
239 281
239 283
239 293
241 251
241 257
241 263
241 269
241 271
241 277
241 281
241 283
241 293
245 275
250 286
251 257
251 263
251 269
251 271
251 277
251 281
251 283
251 293
257 263
257 269
257 271
257 277
257 281
257 283
257 293
263 269
263 271
263 277
263 281
263 283
263 293
269 271
269 277
269 281
269 283
269 293
271 277
271 281
271 283
271 293
277 281
277 283
277 293
281 283
281 293
283 293
